

["
2357846164185723564213871873425671852634426135783724681585367142","
3257846164185723564213871873425671853642436125782734681585267134","
3257846164185723564213871873465271853246436125782734681585267134","
3257864164185723564213871873425671853462436125782734681585267134"]
2211122111111111111111111111121211112333121121112121111111211122
23   46                      2 6    2634 2  3   3 2       3   42
32   46                      2 6    3642 3  2   2 3       2   34
32   46                      6 2    3246 3  2   2 3       2   34
32   64                      2 6    3462 3  2   2 3       2   34

                               27
0057000104000020064003000000400000050000006005700700001080007100
0057000104000020064003000000400270050000006005700700001080007100

["
3257846164185723564213871873465271853246436125782734681585267134"]
1111111111111111111111111111111111111111111111111111111111111111